10
    1        0    7  182    2  126    2   91    6   82   14  153   13  -1
    2      275   15  118    4  101   15  145    4  151    9  111    1  165    4  172   10   82   14  -1
    3      522  273   55  155  164  246   50  298  -1
    4      613   12  109    5  135   10  140    7  182   15  134    8  181    1  -1
    5      709    1  147    8  173    5  110    6  199    1  -1
    6      890    8  131    3   66    4  139    7  -1
    7      905    3  117   15  168   10  157   13  197    5   56    2  164    4  170   13  153    1  -1
    8     1075    3  190    8  158    5   80   12  153    8  -1
    9     1501    8  187    5   85   12  116    5  107   13  173   12   95    8  -1
   10     1976    7  163   14  116    3  110    6  156    1  118    7  116    9  -1
